#pragma once

// Generated by app/targets/wheel_legged/tools/generate_roll_leg_mpc_static.py.
// Do not edit this file by hand.

namespace chassis::roll_leg_mpc_static_data {

inline constexpr int kNumStates = 7;
inline constexpr int kNumInputs = 2;
inline constexpr int kHorizon = 15;
inline constexpr int kNumModels = 8;
inline constexpr float kDtS = 0.01f;
inline constexpr float kRho = 1.0f;
inline constexpr float kLegLengthMinM = 0.14f;
inline constexpr float kLegLengthMaxM = 0.35f;

struct ModelData {
  float nominal_leg_length_m;
  float model_com_height_m;
  float model_roll_inertia_kg_m2;
  int riccati_iterations;
  float adyn[kNumStates][kNumStates];
  float bdyn[kNumStates][kNumInputs];
  float fd[kNumStates];
  float work_q[kNumStates];
  float work_r[kNumInputs];
  float kinf[kNumInputs][kNumStates];
  float pinf[kNumStates][kNumStates];
  float quu_inv[kNumInputs][kNumInputs];
  float am_bk_t[kNumStates][kNumStates];
  float apf[kNumStates];
  float bpf[kNumInputs];
};

inline constexpr ModelData kModels[kNumModels] = {
    {
        .nominal_leg_length_m = 0.14f,
        .model_com_height_m = 0.1975f,
        .model_roll_inertia_kg_m2 = 1.09076625f,
        .riccati_iterations = 349,
        .adyn = {{1.0f, 0.01f, 0.0f, 0.0f, 0.0f, 0.0f, 0.0f},
                 {0.0f, 0.92f, 0.0f, 0.0f, 0.0f, 0.0f, 0.0f},
                 {0.0f, 0.0f, 1.0f, 0.01f, 0.0f, 0.0f, 0.0f},
                 {0.0f, 0.0f, 0.0f, 0.9f, 0.0f, 0.0f, 0.0f},
                 {0.0f, 0.0f, 0.0f, 0.0f, 1.0f, 0.01f, 0.0f},
                 {0.0f, 0.0f, -2.33324866f, 0.0f, 0.472482853f, 0.96f, 0.0481633897f},
                 {0.0f, 0.0f, 0.0f, 0.0f, 0.0f, 0.0f, 1.0f}},
        .bdyn = {{0.0f, 0.0f},
                 {0.00037593985f, 0.00037593985f},
                 {0.0f, 0.0f},
                 {-0.00434782609f, 0.00434782609f},
                 {0.0f, 0.0f},
                 {-0.00185649308f, 0.00185649308f},
                 {0.0f, 0.0f}},
        .fd = {0.0f, 0.0f, 0.0f, 0.0f, 0.0f, 0.0f, 0.0f},
        .work_q = {200001.0f, 51.0f, 301.0f, 31.0f, 5001.0f, 51.0f, 1.0f},
        .work_r = {1.01f, 1.01f},
        .kinf = {{220.955377f, 25.0910562f, -485.471142f, -26.9834113f, 130.550941f, 14.249202f, 10.0293105f},
                 {220.955377f, 25.0910562f, 485.471142f, 26.9834113f, -130.550941f, -14.249202f, -10.0293105f}},
        .pinf = {{11902147.1f, 1203872.67f, 0.0f, 0.0f, 0.0f, 0.0f, 0.0f},
                 {1203872.67f, 135510.421f, 0.0f, 0.0f, 0.0f, 0.0f, 0.0f},
                 {0.0f, 0.0f, 6931443.3f, 351411.368f, -2140384.18f, -233412.754f, -143277.113f},
                 {0.0f, 0.0f, 351411.368f, 18624.5817f, -102873.334f, -11221.5724f, -7263.02605f},
                 {0.0f, 0.0f, -2140384.18f, -102873.334f, 784566.607f, 79650.4713f, 44281.3024f},
                 {0.0f, 0.0f, -233412.754f, -11221.5724f, 79650.4713f, 8678.83522f, 4828.97115f},
                 {0.0f, 0.0f, -143277.113f, -7263.02605f, 44281.3024f, 4828.97115f, 3705.40762f}},
        .quu_inv = {{0.451430663f, 0.0367782176f}, {0.0367782176f, 0.451430663f}},
        .am_bk_t = {{1.0f, -0.166131862f, 0.0f, 0.0f, 0.0f, 0.0f, 0.0f},
                    {0.01f, 0.901134544f, 0.0f, 0.0f, 0.0f, 0.0f, 0.0f},
                    {0.0f, 0.0f, 1.0f, -4.22148819f, 0.0f, -4.13579629f, 0.0f},
                    {0.0f, 0.0f, 0.01f, 0.66536164f, 0.0f, -0.100189033f, 0.0f},
                    {0.0f, 0.0f, 0.0f, 1.13522557f, 1.0f, 0.95721669f, 0.0f},
                    {0.0f, 0.0f, 0.0f, 0.123906105f, 0.01f, 1.01290709f, 0.0f},
                    {0.0f, 0.0f, 0.0f, 0.0872113956f, 0.0f, 0.0854020809f, 1.0f}},
        .apf = {0.0f, 0.0f, 0.0f, 0.0f, 0.0f, 0.0f, 0.0f},
        .bpf = {0.0f, 0.0f},
    },
    {
        .nominal_leg_length_m = 0.17f,
        .model_com_height_m = 0.2275f,
        .model_roll_inertia_kg_m2 = 1.09076625f,
        .riccati_iterations = 349,
        .adyn = {{1.0f, 0.01f, 0.0f, 0.0f, 0.0f, 0.0f, 0.0f},
                 {0.0f, 0.92f, 0.0f, 0.0f, 0.0f, 0.0f, 0.0f},
                 {0.0f, 0.0f, 1.0f, 0.01f, 0.0f, 0.0f, 0.0f},
                 {0.0f, 0.0f, 0.0f, 0.9f, 0.0f, 0.0f, 0.0f},
                 {0.0f, 0.0f, 0.0f, 0.0f, 1.0f, 0.01f, 0.0f},
                 {0.0f, 0.0f, -2.68766618f, 0.0f, 0.544252401f, 0.96f, 0.0554793477f},
                 {0.0f, 0.0f, 0.0f, 0.0f, 0.0f, 0.0f, 1.0f}},
        .bdyn = {{0.0f, 0.0f},
                 {0.00037593985f, 0.00037593985f},
                 {0.0f, 0.0f},
                 {-0.00434782609f, 0.00434782609f},
                 {0.0f, 0.0f},
                 {-0.00185649308f, 0.00185649308f},
                 {0.0f, 0.0f}},
        .fd = {0.0f, 0.0f, 0.0f, 0.0f, 0.0f, 0.0f, 0.0f},
        .work_q = {200001.0f, 51.0f, 301.0f, 31.0f, 5001.0f, 51.0f, 1.0f},
        .work_r = {1.01f, 1.01f},
        .kinf = {{220.955377f, 25.0910562f, -526.554205f, -28.3354058f, 138.68969f, 14.389504f, 10.8773099f},
                 {220.955377f, 25.0910562f, 526.554205f, 28.3354058f, -138.68969f, -14.389504f, -10.8773099f}},
        .pinf = {{11902147.1f, 1203872.67f, 0.0f, 0.0f, 0.0f, 0.0f, 0.0f},
                 {1203872.67f, 135510.421f, 0.0f, 0.0f, 0.0f, 0.0f, 0.0f},
                 {0.0f, 0.0f, 7705562.67f, 377501.457f, -2314307.0f, -240446.395f, -159259.462f},
                 {0.0f, 0.0f, 377501.457f, 19374.8516f, -107522.165f, -11166.0231f, -7801.27315f},
                 {0.0f, 0.0f, -2314307.0f, -107522.165f, 816341.62f, 79353.1273f, 47869.1795f},
                 {0.0f, 0.0f, -240446.395f, -11166.0231f, 79353.1273f, 8255.45884f, 4973.37612f},
                 {0.0f, 0.0f, -159259.462f, -7801.27315f, 47869.1795f, 4973.37612f, 4035.38098f}},
        .quu_inv = {{0.449114981f, 0.0390938994f}, {0.0390938994f, 0.449114981f}},
        .am_bk_t = {{1.0f, -0.166131862f, 0.0f, 0.0f, 0.0f, 0.0f, 0.0f},
                    {0.01f, 0.901134544f, 0.0f, 0.0f, 0.0f, 0.0f, 0.0f},
                    {0.0f, 0.0f, 1.0f, -4.57873222f, 0.0f, -4.64275466f, 0.0f},
                    {0.0f, 0.0f, 0.01f, 0.653605167f, 0.0f, -0.10520897f, 0.0f},
                    {0.0f, 0.0f, 0.0f, 1.2059973f, 1.0f, 1.0592053f, 0.0f},
                    {0.0f, 0.0f, 0.0f, 0.125126121f, 0.01f, 1.01342803f, 0.0f},
                    {0.0f, 0.0f, 0.0f, 0.0945853037f, 0.0f, 0.095866649f, 1.0f}},
        .apf = {0.0f, 0.0f, 0.0f, 0.0f, 0.0f, 0.0f, 0.0f},
        .bpf = {0.0f, 0.0f},
    },
    {
        .nominal_leg_length_m = 0.2f,
        .model_com_height_m = 0.2575f,
        .model_roll_inertia_kg_m2 = 1.09076625f,
        .riccati_iterations = 349,
        .adyn = {{1.0f, 0.01f, 0.0f, 0.0f, 0.0f, 0.0f, 0.0f},
                 {0.0f, 0.92f, 0.0f, 0.0f, 0.0f, 0.0f, 0.0f},
                 {0.0f, 0.0f, 1.0f, 0.01f, 0.0f, 0.0f, 0.0f},
                 {0.0f, 0.0f, 0.0f, 0.9f, 0.0f, 0.0f, 0.0f},
                 {0.0f, 0.0f, 0.0f, 0.0f, 1.0f, 0.01f, 0.0f},
                 {0.0f, 0.0f, -3.04208369f, 0.0f, 0.616021948f, 0.96f, 0.0627953056f},
                 {0.0f, 0.0f, 0.0f, 0.0f, 0.0f, 0.0f, 1.0f}},
        .bdyn = {{0.0f, 0.0f},
                 {0.00037593985f, 0.00037593985f},
                 {0.0f, 0.0f},
                 {-0.00434782609f, 0.00434782609f},
                 {0.0f, 0.0f},
                 {-0.00185649308f, 0.00185649308f},
                 {0.0f, 0.0f}},
        .fd = {0.0f, 0.0f, 0.0f, 0.0f, 0.0f, 0.0f, 0.0f},
        .work_q = {200001.0f, 51.0f, 301.0f, 31.0f, 5001.0f, 51.0f, 1.0f},
        .work_r = {1.01f, 1.01f},
        .kinf = {{220.955377f, 25.0910562f, -566.0983f, -29.5906106f, 146.531137f, 14.52782f, 11.6935453f},
                 {220.955377f, 25.0910562f, 566.0983f, 29.5906106f, -146.531137f, -14.52782f, -11.6935453f}},
        .pinf = {{11902147.1f, 1203872.67f, 0.0f, 0.0f, 0.0f, 0.0f, 0.0f},
                 {1203872.67f, 135510.421f, 0.0f, 0.0f, 0.0f, 0.0f, 0.0f},
                 {0.0f, 0.0f, 8481413.7f, 402941.529f, -2488471.26f, -247510.594f, -175277.878f},
                 {0.0f, 0.0f, 402941.529f, 20091.7591f, -112174.969f, -11144.9098f, -8326.17158f},
                 {0.0f, 0.0f, -2488471.26f, -112174.969f, 849406.343f, 79395.9172f, 51462.6802f},
                 {0.0f, 0.0f, -247510.594f, -11144.9098f, 79395.9172f, 7922.03368f, 5118.57782f},
                 {0.0f, 0.0f, -175277.878f, -8326.17158f, 51462.6802f, 5118.57782f, 4366.10424f}},
        .quu_inv = {{0.446994687f, 0.0412141938f}, {0.0412141938f, 0.446994687f}},
        .am_bk_t = {{1.0f, -0.166131862f, 0.0f, 0.0f, 0.0f, 0.0f, 0.0f},
                    {0.01f, 0.901134544f, 0.0f, 0.0f, 0.0f, 0.0f, 0.0f},
                    {0.0f, 0.0f, 1.0f, -4.92259391f, 0.0f, -5.14399885f, 0.0f},
                    {0.0f, 0.0f, 0.01f, 0.642690342f, 0.0f, -0.109869528f, 0.0f},
                    {0.0f, 0.0f, 0.0f, 1.2741838f, 1.0f, 1.16009003f, 0.0f},
                    {0.0f, 0.0f, 0.0f, 0.126328869f, 0.01f, 1.01394159f, 0.0f},
                    {0.0f, 0.0f, 0.0f, 0.101683002f, 0.0f, 0.106213277f, 1.0f}},
        .apf = {0.0f, 0.0f, 0.0f, 0.0f, 0.0f, 0.0f, 0.0f},
        .bpf = {0.0f, 0.0f},
    },
    {
        .nominal_leg_length_m = 0.23f,
        .model_com_height_m = 0.2875f,
        .model_roll_inertia_kg_m2 = 1.09076625f,
        .riccati_iterations = 349,
        .adyn = {{1.0f, 0.01f, 0.0f, 0.0f, 0.0f, 0.0f, 0.0f},
                 {0.0f, 0.92f, 0.0f, 0.0f, 0.0f, 0.0f, 0.0f},
                 {0.0f, 0.0f, 1.0f, 0.01f, 0.0f, 0.0f, 0.0f},
                 {0.0f, 0.0f, 0.0f, 0.9f, 0.0f, 0.0f, 0.0f},
                 {0.0f, 0.0f, 0.0f, 0.0f, 1.0f, 0.01f, 0.0f},
                 {0.0f, 0.0f, -3.39650121f, 0.0f, 0.687791495f, 0.96f, 0.0701112635f},
                 {0.0f, 0.0f, 0.0f, 0.0f, 0.0f, 0.0f, 1.0f}},
        .bdyn = {{0.0f, 0.0f},
                 {0.00037593985f, 0.00037593985f},
                 {0.0f, 0.0f},
                 {-0.00434782609f, 0.00434782609f},
                 {0.0f, 0.0f},
                 {-0.00185649308f, 0.00185649308f},
                 {0.0f, 0.0f}},
        .fd = {0.0f, 0.0f, 0.0f, 0.0f, 0.0f, 0.0f, 0.0f},
        .work_q = {200001.0f, 51.0f, 301.0f, 31.0f, 5001.0f, 51.0f, 1.0f},
        .work_r = {1.01f, 1.01f},
        .kinf = {{220.955377f, 25.0910562f, -604.349914f, -30.7657423f, 154.122638f, 14.6635337f, 12.4831039f},
                 {220.955377f, 25.0910562f, 604.349914f, 30.7657423f, -154.122638f, -14.6635337f, -12.4831039f}},
        .pinf = {{11902147.1f, 1203872.67f, 0.0f, 0.0f, 0.0f, 0.0f, 0.0f},
                 {1203872.67f, 135510.421f, 0.0f, 0.0f, 0.0f, 0.0f, 0.0f},
                 {0.0f, 0.0f, 9259662.37f, 427820.135f, -2662871.3f, -254550.091f, -191345.964f},
                 {0.0f, 0.0f, 427820.135f, 20778.8497f, -116810.595f, -11147.2961f, -8839.52843f},
                 {0.0f, 0.0f, -2662871.3f, -116810.595f, 883384.905f, 79673.2426f, 55061.4912f},
                 {0.0f, 0.0f, -254550.091f, -11147.2961f, 79673.2426f, 7652.36241f, 5263.38617f},
                 {0.0f, 0.0f, -191345.964f, -8839.52843f, 55061.4912f, 5263.38617f, 4697.85564f}},
        .quu_inv = {{0.445034537f, 0.0431743436f}, {0.0431743436f, 0.445034537f}},
        .am_bk_t = {{1.0f, -0.166131862f, 0.0f, 0.0f, 0.0f, 0.0f, 0.0f},
                    {0.01f, 0.901134544f, 0.0f, 0.0f, 0.0f, 0.0f, 0.0f},
                    {0.0f, 0.0f, 1.0f, -5.25521665f, 0.0f, -5.64044408f, 0.0f},
                    {0.0f, 0.0f, 0.01f, 0.632471806f, 0.0f, -0.114232776f, 0.0f},
                    {0.0f, 0.0f, 0.0f, 1.34019685f, 1.0f, 1.26004672f, 0.0f},
                    {0.0f, 0.0f, 0.0f, 0.127508989f, 0.01f, 1.0144455f, 0.0f},
                    {0.0f, 0.0f, 0.0f, 0.10854873f, 0.0f, 0.116460856f, 1.0f}},
        .apf = {0.0f, 0.0f, 0.0f, 0.0f, 0.0f, 0.0f, 0.0f},
        .bpf = {0.0f, 0.0f},
    },
    {
        .nominal_leg_length_m = 0.26f,
        .model_com_height_m = 0.3175f,
        .model_roll_inertia_kg_m2 = 1.09076625f,
        .riccati_iterations = 349,
        .adyn = {{1.0f, 0.01f, 0.0f, 0.0f, 0.0f, 0.0f, 0.0f},
                 {0.0f, 0.92f, 0.0f, 0.0f, 0.0f, 0.0f, 0.0f},
                 {0.0f, 0.0f, 1.0f, 0.01f, 0.0f, 0.0f, 0.0f},
                 {0.0f, 0.0f, 0.0f, 0.9f, 0.0f, 0.0f, 0.0f},
                 {0.0f, 0.0f, 0.0f, 0.0f, 1.0f, 0.01f, 0.0f},
                 {0.0f, 0.0f, -3.75091873f, 0.0f, 0.759561043f, 0.96f, 0.0774272215f},
                 {0.0f, 0.0f, 0.0f, 0.0f, 0.0f, 0.0f, 1.0f}},
        .bdyn = {{0.0f, 0.0f},
                 {0.00037593985f, 0.00037593985f},
                 {0.0f, 0.0f},
                 {-0.00434782609f, 0.00434782609f},
                 {0.0f, 0.0f},
                 {-0.00185649308f, 0.00185649308f},
                 {0.0f, 0.0f}},
        .fd = {0.0f, 0.0f, 0.0f, 0.0f, 0.0f, 0.0f, 0.0f},
        .work_q = {200001.0f, 51.0f, 301.0f, 31.0f, 5001.0f, 51.0f, 1.0f},
        .work_r = {1.01f, 1.01f},
        .kinf = {{220.955377f, 25.0910562f, -641.494796f, -31.8732539f, 161.499916f, 14.7963767f, 13.2498197f},
                 {220.955377f, 25.0910562f, 641.494796f, 31.8732539f, -161.499916f, -14.7963767f, -13.2498197f}},
        .pinf = {{11902147.1f, 1203872.67f, 0.0f, 0.0f, 0.0f, 0.0f, 0.0f},
                 {1203872.67f, 135510.421f, 0.0f, 0.0f, 0.0f, 0.0f, 0.0f},
                 {0.0f, 0.0f, 10040808.9f, 452209.246f, -2837543.78f, -261536.386f, -207473.961f},
                 {0.0f, 0.0f, 452209.246f, 21439.311f, -121418.473f, -11166.2937f, -9342.8162f},
                 {0.0f, 0.0f, -2837543.78f, -121418.473f, 918045.476f, 80118.319f, 58666.2449f},
                 {0.0f, 0.0f, -261536.386f, -11166.2937f, 80118.319f, 7429.67763f, 5407.18157f},
                 {0.0f, 0.0f, -207473.961f, -9342.8162f, 58666.2449f, 5407.18157f, 5030.84513f}},
        .quu_inv = {{0.443208518f, 0.0450003627f}, {0.0450003627f, 0.443208518f}},
        .am_bk_t = {{1.0f, -0.166131862f, 0.0f, 0.0f, 0.0f, 0.0f, 0.0f},
                    {0.01f, 0.901134544f, 0.0f, 0.0f, 0.0f, 0.0f, 0.0f},
                    {0.0f, 0.0f, 1.0f, -5.57821562f, 0.0f, -6.13278004f, 0.0f},
                    {0.0f, 0.0f, 0.01f, 0.622841271f, 0.0f, -0.118344951f, 0.0f},
                    {0.0f, 0.0f, 0.0f, 1.40434709f, 1.0f, 1.359208f, 0.0f},
                    {0.0f, 0.0f, 0.0f, 0.128664145f, 0.01f, 1.01493874f, 0.0f},
                    {0.0f, 0.0f, 0.0f, 0.115215823f, 0.0f, 0.126623619f, 1.0f}},
        .apf = {0.0f, 0.0f, 0.0f, 0.0f, 0.0f, 0.0f, 0.0f},
        .bpf = {0.0f, 0.0f},
    },
    {
        .nominal_leg_length_m = 0.29f,
        .model_com_height_m = 0.3475f,
        .model_roll_inertia_kg_m2 = 1.09076625f,
        .riccati_iterations = 349,
        .adyn = {{1.0f, 0.01f, 0.0f, 0.0f, 0.0f, 0.0f, 0.0f},
                 {0.0f, 0.92f, 0.0f, 0.0f, 0.0f, 0.0f, 0.0f},
                 {0.0f, 0.0f, 1.0f, 0.01f, 0.0f, 0.0f, 0.0f},
                 {0.0f, 0.0f, 0.0f, 0.9f, 0.0f, 0.0f, 0.0f},
                 {0.0f, 0.0f, 0.0f, 0.0f, 1.0f, 0.01f, 0.0f},
                 {0.0f, 0.0f, -4.10533625f, 0.0f, 0.83133059f, 0.96f, 0.0847431794f},
                 {0.0f, 0.0f, 0.0f, 0.0f, 0.0f, 0.0f, 1.0f}},
        .bdyn = {{0.0f, 0.0f},
                 {0.00037593985f, 0.00037593985f},
                 {0.0f, 0.0f},
                 {-0.00434782609f, 0.00434782609f},
                 {0.0f, 0.0f},
                 {-0.00185649308f, 0.00185649308f},
                 {0.0f, 0.0f}},
        .fd = {0.0f, 0.0f, 0.0f, 0.0f, 0.0f, 0.0f, 0.0f},
        .work_q = {200001.0f, 51.0f, 301.0f, 31.0f, 5001.0f, 51.0f, 1.0f},
        .work_r = {1.01f, 1.01f},
        .kinf = {{220.955377f, 25.0910562f, -677.677159f, -32.9227111f, 168.690729f, 14.926265f, 13.996669f},
                 {220.955377f, 25.0910562f, 677.677159f, 32.9227111f, -168.690729f, -14.926265f, -13.996669f}},
        .pinf = {{11902147.1f, 1203872.67f, 0.0f, 0.0f, 0.0f, 0.0f, 0.0f},
                 {1203872.67f, 135510.421f, 0.0f, 0.0f, 0.0f, 0.0f, 0.0f},
                 {0.0f, 0.0f, 10825230.6f, 476167.753f, -3012539.1f, -268455.073f, -223669.608f},
                 {0.0f, 0.0f, 476167.753f, 22075.9158f, -125993.56f, -11197.355f, -9837.24182f},
                 {0.0f, 0.0f, -3012539.1f, -125993.56f, 953238.172f, 80686.8597f, 62277.8997f},
                 {0.0f, 0.0f, -268455.073f, -11197.355f, 80686.8597f, 7242.71217f, 5549.64582f},
                 {0.0f, 0.0f, -223669.608f, -9837.24182f, 62277.8997f, 5549.64582f, 5365.23152f}},
        .quu_inv = {{0.441496807f, 0.0467120732f}, {0.0467120732f, 0.441496807f}},
        .am_bk_t = {{1.0f, -0.166131862f, 0.0f, 0.0f, 0.0f, 0.0f, 0.0f},
                    {0.01f, 0.901134544f, 0.0f, 0.0f, 0.0f, 0.0f, 0.0f},
                    {0.0f, 0.0f, 1.0f, -5.89284486f, 0.0f, -6.62154216f, 0.0f},
                    {0.0f, 0.0f, 0.01f, 0.613715556f, 0.0f, -0.122241571f, 0.0f},
                    {0.0f, 0.0f, 0.0f, 1.46687591f, 1.0f, 1.45767693f, 0.0f},
                    {0.0f, 0.0f, 0.0f, 0.129793609f, 0.01f, 1.01542102f, 0.0f},
                    {0.0f, 0.0f, 0.0f, 0.121710166f, 0.0f, 0.136712618f, 1.0f}},
        .apf = {0.0f, 0.0f, 0.0f, 0.0f, 0.0f, 0.0f, 0.0f},
        .bpf = {0.0f, 0.0f},
    },
    {
        .nominal_leg_length_m = 0.32f,
        .model_com_height_m = 0.3775f,
        .model_roll_inertia_kg_m2 = 1.09076625f,
        .riccati_iterations = 349,
        .adyn = {{1.0f, 0.01f, 0.0f, 0.0f, 0.0f, 0.0f, 0.0f},
                 {0.0f, 0.92f, 0.0f, 0.0f, 0.0f, 0.0f, 0.0f},
                 {0.0f, 0.0f, 1.0f, 0.01f, 0.0f, 0.0f, 0.0f},
                 {0.0f, 0.0f, 0.0f, 0.9f, 0.0f, 0.0f, 0.0f},
                 {0.0f, 0.0f, 0.0f, 0.0f, 1.0f, 0.01f, 0.0f},
                 {0.0f, 0.0f, -4.45975376f, 0.0f, 0.903100137f, 0.96f, 0.0920591373f},
                 {0.0f, 0.0f, 0.0f, 0.0f, 0.0f, 0.0f, 1.0f}},
        .bdyn = {{0.0f, 0.0f},
                 {0.00037593985f, 0.00037593985f},
                 {0.0f, 0.0f},
                 {-0.00434782609f, 0.00434782609f},
                 {0.0f, 0.0f},
                 {-0.00185649308f, 0.00185649308f},
                 {0.0f, 0.0f}},
        .fd = {0.0f, 0.0f, 0.0f, 0.0f, 0.0f, 0.0f, 0.0f},
        .work_q = {200001.0f, 51.0f, 301.0f, 31.0f, 5001.0f, 51.0f, 1.0f},
        .work_r = {1.01f, 1.01f},
        .kinf = {{220.955377f, 25.0910562f, -713.011699f, -33.921646f, 175.717175f, 15.053215f, 14.7260193f},
                 {220.955377f, 25.0910562f, 713.011699f, 33.921646f, -175.717175f, -15.053215f, -14.7260193f}},
        .pinf = {{11902147.1f, 1203872.67f, 0.0f, 0.0f, 0.0f, 0.0f, 0.0f},
                 {1203872.67f, 135510.421f, 0.0f, 0.0f, 0.0f, 0.0f, 0.0f},
                 {0.0f, 0.0f, 11613213.7f, 499744.32f, -3187909.48f, -275299.482f, -239938.777f},
                 {0.0f, 0.0f, 499744.32f, 22691.0504f, -130533.809f, -11237.3629f, -10323.8038f},
                 {0.0f, 0.0f, -3187909.48f, -130533.809f, 988862.355f, 81348.3642f, 65897.477f},
                 {0.0f, 0.0f, -275299.482f, -11237.3629f, 81348.3642f, 7083.59373f, 5690.6267f},
                 {0.0f, 0.0f, -239938.777f, -10323.8038f, 65897.477f, 5690.6267f, 5701.13553f}},
        .quu_inv = {{0.439883908f, 0.0483249727f}, {0.0483249727f, 0.439883908f}},
        .am_bk_t = {{1.0f, -0.166131862f, 0.0f, 0.0f, 0.0f, 0.0f, 0.0f},
                    {0.01f, 0.901134544f, 0.0f, 0.0f, 0.0f, 0.0f, 0.0f},
                    {0.0f, 0.0f, 1.0f, -6.20010173f, 0.0f, -7.10715634f, 0.0f},
                    {0.0f, 0.0f, 0.01f, 0.605029165f, 0.0f, -0.125950603f, 0.0f},
                    {0.0f, 0.0f, 0.0f, 1.52797544f, 1.0f, 1.55553558f, 0.0f},
                    {0.0f, 0.0f, 0.0f, 0.130897522f, 0.01f, 1.01589238f, 0.0f},
                    {0.0f, 0.0f, 0.0f, 0.128052342f, 0.0f, 0.146736643f, 1.0f}},
        .apf = {0.0f, 0.0f, 0.0f, 0.0f, 0.0f, 0.0f, 0.0f},
        .bpf = {0.0f, 0.0f},
    },
    {
        .nominal_leg_length_m = 0.35f,
        .model_com_height_m = 0.4075f,
        .model_roll_inertia_kg_m2 = 1.09076625f,
        .riccati_iterations = 349,
        .adyn = {{1.0f, 0.01f, 0.0f, 0.0f, 0.0f, 0.0f, 0.0f},
                 {0.0f, 0.92f, 0.0f, 0.0f, 0.0f, 0.0f, 0.0f},
                 {0.0f, 0.0f, 1.0f, 0.01f, 0.0f, 0.0f, 0.0f},
                 {0.0f, 0.0f, 0.0f, 0.9f, 0.0f, 0.0f, 0.0f},
                 {0.0f, 0.0f, 0.0f, 0.0f, 1.0f, 0.01f, 0.0f},
                 {0.0f, 0.0f, -4.81417128f, 0.0f, 0.974869684f, 0.96f, 0.0993750953f},
                 {0.0f, 0.0f, 0.0f, 0.0f, 0.0f, 0.0f, 1.0f}},
        .bdyn = {{0.0f, 0.0f},
                 {0.00037593985f, 0.00037593985f},
                 {0.0f, 0.0f},
                 {-0.00434782609f, 0.00434782609f},
                 {0.0f, 0.0f},
                 {-0.00185649308f, 0.00185649308f},
                 {0.0f, 0.0f}},
        .fd = {0.0f, 0.0f, 0.0f, 0.0f, 0.0f, 0.0f, 0.0f},
        .work_q = {200001.0f, 51.0f, 301.0f, 31.0f, 5001.0f, 51.0f, 1.0f},
        .work_r = {1.01f, 1.01f},
        .kinf = {{220.955377f, 25.0910562f, -747.591477f, -34.8761127f, 182.597194f, 15.1772969f, 15.4397913f},
                 {220.955377f, 25.0910562f, 747.591477f, 34.8761127f, -182.597194f, -15.1772969f, -15.4397913f}},
        .pinf = {{11902147.1f, 1203872.67f, 0.0f, 0.0f, 0.0f, 0.0f, 0.0f},
                 {1203872.67f, 135510.421f, 0.0f, 0.0f, 0.0f, 0.0f, 0.0f},
                 {0.0f, 0.0f, 12404975.8f, 522979.576f, -3363704.06f, -282067.295f, -256285.945f},
                 {0.0f, 0.0f, 522979.576f, 23286.7658f, -135038.834f, -11284.115f, -10803.3364f},
                 {0.0f, 0.0f, -3363704.06f, -135038.834f, 1024848.32f, 82081.168f, 69525.9513f},
                 {0.0f, 0.0f, -282067.295f, -11284.115f, 82081.168f, 6946.64335f, 5830.06608f},
                 {0.0f, 0.0f, -256285.945f, -10803.3364f, 69525.9513f, 5830.06608f, 6038.64919f}},
        .quu_inv = {{0.438357443f, 0.0498514378f}, {0.0498514378f, 0.438357443f}},
        .am_bk_t = {{1.0f, -0.166131862f, 0.0f, 0.0f, 0.0f, 0.0f, 0.0f},
                    {0.01f, 0.901134544f, 0.0f, 0.0f, 0.0f, 0.0f, 0.0f},
                    {0.0f, 0.0f, 1.0f, -6.50079545f, 0.0f, -7.58996809f, 0.0f},
                    {0.0f, 0.0f, 0.01f, 0.596729455f, 0.0f, -0.129494524f, 0.0f},
                    {0.0f, 0.0f, 0.0f, 1.58780169f, 1.0f, 1.65285054f, 0.0f},
                    {0.0f, 0.0f, 0.0f, 0.131976495f, 0.01f, 1.01635309f, 0.0f},
                    {0.0f, 0.0f, 0.0f, 0.134259054f, 0.0f, 0.156702827f, 1.0f}},
        .apf = {0.0f, 0.0f, 0.0f, 0.0f, 0.0f, 0.0f, 0.0f},
        .bpf = {0.0f, 0.0f},
    }};

}  // namespace chassis::roll_leg_mpc_static_data
