#pragma once

// Generated by app/targets/wheel_legged/tools/generate_roll_leg_mpc_static.py.
// Do not edit this file by hand.

namespace chassis::roll_leg_mpc_static_data {

inline constexpr int kNumStates = 7;
inline constexpr int kNumInputs = 2;
inline constexpr int kHorizon = 15;
inline constexpr int kNumModels = 8;
inline constexpr float kDtS = 0.01f;
inline constexpr float kRho = 1.0f;
inline constexpr float kLegLengthMinM = 0.14f;
inline constexpr float kLegLengthMaxM = 0.35f;

struct ModelData {
  float nominal_leg_length_m;
  float model_com_height_m;
  float model_roll_inertia_kg_m2;
  int riccati_iterations;
  float adyn[kNumStates][kNumStates];
  float bdyn[kNumStates][kNumInputs];
  float fd[kNumStates];
  float work_q[kNumStates];
  float work_r[kNumInputs];
  float kinf[kNumInputs][kNumStates];
  float pinf[kNumStates][kNumStates];
  float quu_inv[kNumInputs][kNumInputs];
  float am_bk_t[kNumStates][kNumStates];
  float apf[kNumStates];
  float bpf[kNumInputs];
};

inline constexpr ModelData kModels[kNumModels] = {
    {
        .nominal_leg_length_m = 0.14f,
        .model_com_height_m = 0.1975f,
        .model_roll_inertia_kg_m2 = 1.09076625f,
        .riccati_iterations = 349,
        .adyn = {{1.0f, 0.01f, 0.0f, 0.0f, 0.0f, 0.0f, 0.0f},
                 {0.0f, 0.92f, 0.0f, 0.0f, 0.0f, 0.0f, 0.0f},
                 {0.0f, 0.0f, 1.0f, 0.01f, 0.0f, 0.0f, 0.0f},
                 {0.0f, 0.0f, 0.0f, 0.9f, 0.0f, 0.0f, 0.0f},
                 {0.0f, 0.0f, 0.0f, 0.0f, 1.0f, 0.01f, 0.0f},
                 {0.0f, 0.0f, -2.33324866f, 0.0f, 0.472482853f, 0.96f, 0.0481633897f},
                 {0.0f, 0.0f, 0.0f, 0.0f, 0.0f, 0.0f, 1.0f}},
        .bdyn = {{0.0f, 0.0f},
                 {0.00037593985f, 0.00037593985f},
                 {0.0f, 0.0f},
                 {-0.00434782609f, 0.00434782609f},
                 {0.0f, 0.0f},
                 {-0.00185649308f, 0.00185649308f},
                 {0.0f, 0.0f}},
        .fd = {0.0f, 0.0f, 0.0f, 0.0f, 0.0f, 0.0f, 0.0f},
        .work_q = {200001.0f, 51.0f, 301.0f, 31.0f, 5001.0f, 301.0f, 1.0f},
        .work_r = {1.01f, 1.01f},
        .kinf = {{220.955377f, 25.0910562f, -565.612119f, -30.5679681f, 146.403357f, 16.4780561f, 11.683502f},
                 {220.955377f, 25.0910562f, 565.612119f, 30.5679681f, -146.403357f, -16.4780561f, -11.683502f}},
        .pinf = {{11902147.1f, 1203872.67f, 0.0f, 0.0f, 0.0f, 0.0f, 0.0f},
                 {1203872.67f, 135510.421f, 0.0f, 0.0f, 0.0f, 0.0f, 0.0f},
                 {0.0f, 0.0f, 9097231.9f, 438239.987f, -2667133.4f, -322908.165f, -188005.957f},
                 {0.0f, 0.0f, 438239.987f, 22190.0672f, -123138.077f, -14615.265f, -9056.03511f},
                 {0.0f, 0.0f, -2667133.4f, -123138.077f, 952067.347f, 103559.919f, 55169.881f},
                 {0.0f, 0.0f, -322908.165f, -14615.265f, 103559.919f, 13326.5425f, 6677.81027f},
                 {0.0f, 0.0f, -188005.957f, -9056.03511f, 55169.881f, 6677.81027f, 4629.18893f}},
        .quu_inv = {{0.446621738f, 0.0415871424f}, {0.0415871424f, 0.446621738f}},
        .am_bk_t = {{1.0f, -0.166131862f, 0.0f, 0.0f, 0.0f, 0.0f, 0.0f},
                    {0.01f, 0.901134544f, 0.0f, 0.0f, 0.0f, 0.0f, 0.0f},
                    {0.0f, 0.0f, 1.0f, -4.91836625f, 0.0f, -4.43335863f, 0.0f},
                    {0.0f, 0.0f, 0.01f, 0.634191581f, 0.0f, -0.113498443f, 0.0f},
                    {0.0f, 0.0f, 0.0f, 1.27307267f, 1.0f, 1.01607649f, 0.0f},
                    {0.0f, 0.0f, 0.0f, 0.143287445f, 0.01f, 1.02118279f, 0.0f},
                    {0.0f, 0.0f, 0.0f, 0.10159567f, 0.0f, 0.0915440711f, 1.0f}},
        .apf = {0.0f, 0.0f, 0.0f, 0.0f, 0.0f, 0.0f, 0.0f},
        .bpf = {0.0f, 0.0f},
    },
    {
        .nominal_leg_length_m = 0.17f,
        .model_com_height_m = 0.2275f,
        .model_roll_inertia_kg_m2 = 1.09076625f,
        .riccati_iterations = 349,
        .adyn = {{1.0f, 0.01f, 0.0f, 0.0f, 0.0f, 0.0f, 0.0f},
                 {0.0f, 0.92f, 0.0f, 0.0f, 0.0f, 0.0f, 0.0f},
                 {0.0f, 0.0f, 1.0f, 0.01f, 0.0f, 0.0f, 0.0f},
                 {0.0f, 0.0f, 0.0f, 0.9f, 0.0f, 0.0f, 0.0f},
                 {0.0f, 0.0f, 0.0f, 0.0f, 1.0f, 0.01f, 0.0f},
                 {0.0f, 0.0f, -2.68766618f, 0.0f, 0.544252401f, 0.96f, 0.0554793477f},
                 {0.0f, 0.0f, 0.0f, 0.0f, 0.0f, 0.0f, 1.0f}},
        .bdyn = {{0.0f, 0.0f},
                 {0.00037593985f, 0.00037593985f},
                 {0.0f, 0.0f},
                 {-0.00434782609f, 0.00434782609f},
                 {0.0f, 0.0f},
                 {-0.00185649308f, 0.00185649308f},
                 {0.0f, 0.0f}},
        .fd = {0.0f, 0.0f, 0.0f, 0.0f, 0.0f, 0.0f, 0.0f},
        .work_q = {200001.0f, 51.0f, 301.0f, 31.0f, 5001.0f, 301.0f, 1.0f},
        .work_r = {1.01f, 1.01f},
        .kinf = {{220.955377f, 25.0910562f, -615.52064f, -32.1406524f, 156.306986f, 16.7260484f, 12.7136727f},
                 {220.955377f, 25.0910562f, 615.52064f, 32.1406524f, -156.306986f, -16.7260484f, -12.7136727f}},
        .pinf = {{11902147.1f, 1203872.67f, 0.0f, 0.0f, 0.0f, 0.0f, 0.0f},
                 {1203872.67f, 135510.421f, 0.0f, 0.0f, 0.0f, 0.0f, 0.0f},
                 {0.0f, 0.0f, 10188009.5f, 472614.817f, -2909131.35f, -335256.107f, -210525.823f},
                 {0.0f, 0.0f, 472614.817f, 23112.6223f, -129411.857f, -14598.8183f, -9765.28423f},
                 {0.0f, 0.0f, -2909131.35f, -129411.857f, 999137.432f, 104179.675f, 60163.3587f},
                 {0.0f, 0.0f, -335256.107f, -14598.8183f, 104179.675f, 12793.2556f, 6931.87407f},
                 {0.0f, 0.0f, -210525.823f, -9765.28423f, 60163.3587f, 6931.87407f, 5094.12836f}},
        .quu_inv = {{0.444051726f, 0.0441571549f}, {0.0441571549f, 0.444051726f}},
        .am_bk_t = {{1.0f, -0.166131862f, 0.0f, 0.0f, 0.0f, 0.0f, 0.0f},
                    {0.01f, 0.901134544f, 0.0f, 0.0f, 0.0f, 0.0f, 0.0f},
                    {0.0f, 0.0f, 1.0f, -5.35235339f, 0.0f, -4.9730858f, 0.0f},
                    {0.0f, 0.0f, 0.01f, 0.620516066f, 0.0f, -0.119337798f, 0.0f},
                    {0.0f, 0.0f, 0.0f, 1.35919118f, 1.0f, 1.12461808f, 0.0f},
                    {0.0f, 0.0f, 0.0f, 0.145443899f, 0.01f, 1.02210359f, 0.0f},
                    {0.0f, 0.0f, 0.0f, 0.110553676f, 0.0f, 0.102685039f, 1.0f}},
        .apf = {0.0f, 0.0f, 0.0f, 0.0f, 0.0f, 0.0f, 0.0f},
        .bpf = {0.0f, 0.0f},
    },
    {
        .nominal_leg_length_m = 0.2f,
        .model_com_height_m = 0.2575f,
        .model_roll_inertia_kg_m2 = 1.09076625f,
        .riccati_iterations = 349,
        .adyn = {{1.0f, 0.01f, 0.0f, 0.0f, 0.0f, 0.0f, 0.0f},
                 {0.0f, 0.92f, 0.0f, 0.0f, 0.0f, 0.0f, 0.0f},
                 {0.0f, 0.0f, 1.0f, 0.01f, 0.0f, 0.0f, 0.0f},
                 {0.0f, 0.0f, 0.0f, 0.9f, 0.0f, 0.0f, 0.0f},
                 {0.0f, 0.0f, 0.0f, 0.0f, 1.0f, 0.01f, 0.0f},
                 {0.0f, 0.0f, -3.04208369f, 0.0f, 0.616021948f, 0.96f, 0.0627953056f},
                 {0.0f, 0.0f, 0.0f, 0.0f, 0.0f, 0.0f, 1.0f}},
        .bdyn = {{0.0f, 0.0f},
                 {0.00037593985f, 0.00037593985f},
                 {0.0f, 0.0f},
                 {-0.00434782609f, 0.00434782609f},
                 {0.0f, 0.0f},
                 {-0.00185649308f, 0.00185649308f},
                 {0.0f, 0.0f}},
        .fd = {0.0f, 0.0f, 0.0f, 0.0f, 0.0f, 0.0f, 0.0f},
        .work_q = {200001.0f, 51.0f, 301.0f, 31.0f, 5001.0f, 301.0f, 1.0f},
        .work_r = {1.01f, 1.01f},
        .kinf = {{220.955377f, 25.0910562f, -663.545488f, -33.5962154f, 165.845523f, 16.9570281f, 13.7049644f},
                 {220.955377f, 25.0910562f, 663.545488f, 33.5962154f, -165.845523f, -16.9570281f, -13.7049644f}},
        .pinf = {{11902147.1f, 1203872.67f, 0.0f, 0.0f, 0.0f, 0.0f, 0.0f},
                 {1203872.67f, 135510.421f, 0.0f, 0.0f, 0.0f, 0.0f, 0.0f},
                 {0.0f, 0.0f, 11284482.1f, 506102.995f, -3151944.31f, -347369.207f, -233163.511f},
                 {0.0f, 0.0f, 506102.995f, 23990.5156f, -135650.667f, -14615.6084f, -10456.3023f},
                 {0.0f, 0.0f, -3151944.31f, -135650.667f, 1047462.63f, 105109.265f, 65174.2621f},
                 {0.0f, 0.0f, -347369.207f, -14615.6084f, 105109.265f, 12368.2436f, 7181.26206f},
                 {0.0f, 0.0f, -233163.511f, -10456.3023f, 65174.2621f, 7181.26206f, 5561.50495f}},
        .quu_inv = {{0.441703375f, 0.0465055058f}, {0.0465055058f, 0.441703375f}},
        .am_bk_t = {{1.0f, -0.166131862f, 0.0f, 0.0f, 0.0f, 0.0f, 0.0f},
                    {0.01f, 0.901134544f, 0.0f, 0.0f, 0.0f, 0.0f, 0.0f},
                    {0.0f, 0.0f, 1.0f, -5.76996076f, 0.0f, -5.50581891f, 0.0f},
                    {0.0f, 0.0f, 0.01f, 0.607858996f, 0.0f, -0.124742283f, 0.0f},
                    {0.0f, 0.0f, 0.0f, 1.44213499f, 1.0f, 1.23180408f, 0.0f},
                    {0.0f, 0.0f, 0.0f, 0.147452418f, 0.01f, 1.02296121f, 0.0f},
                    {0.0f, 0.0f, 0.0f, 0.119173603f, 0.0f, 0.113681649f, 1.0f}},
        .apf = {0.0f, 0.0f, 0.0f, 0.0f, 0.0f, 0.0f, 0.0f},
        .bpf = {0.0f, 0.0f},
    },
    {
        .nominal_leg_length_m = 0.23f,
        .model_com_height_m = 0.2875f,
        .model_roll_inertia_kg_m2 = 1.09076625f,
        .riccati_iterations = 349,
        .adyn = {{1.0f, 0.01f, 0.0f, 0.0f, 0.0f, 0.0f, 0.0f},
                 {0.0f, 0.92f, 0.0f, 0.0f, 0.0f, 0.0f, 0.0f},
                 {0.0f, 0.0f, 1.0f, 0.01f, 0.0f, 0.0f, 0.0f},
                 {0.0f, 0.0f, 0.0f, 0.9f, 0.0f, 0.0f, 0.0f},
                 {0.0f, 0.0f, 0.0f, 0.0f, 1.0f, 0.01f, 0.0f},
                 {0.0f, 0.0f, -3.39650121f, 0.0f, 0.687791495f, 0.96f, 0.0701112635f},
                 {0.0f, 0.0f, 0.0f, 0.0f, 0.0f, 0.0f, 1.0f}},
        .bdyn = {{0.0f, 0.0f},
                 {0.00037593985f, 0.00037593985f},
                 {0.0f, 0.0f},
                 {-0.00434782609f, 0.00434782609f},
                 {0.0f, 0.0f},
                 {-0.00185649308f, 0.00185649308f},
                 {0.0f, 0.0f}},
        .fd = {0.0f, 0.0f, 0.0f, 0.0f, 0.0f, 0.0f, 0.0f},
        .work_q = {200001.0f, 51.0f, 301.0f, 31.0f, 5001.0f, 301.0f, 1.0f},
        .work_r = {1.01f, 1.01f},
        .kinf = {{220.955377f, 25.0910562f, -709.979318f, -34.9551315f, 175.075334f, 17.1738347f, 14.6634173f},
                 {220.955377f, 25.0910562f, 709.979318f, 34.9551315f, -175.075334f, -17.1738347f, -14.6634173f}},
        .pinf = {{11902147.1f, 1203872.67f, 0.0f, 0.0f, 0.0f, 0.0f, 0.0f},
                 {1203872.67f, 135510.421f, 0.0f, 0.0f, 0.0f, 0.0f, 0.0f},
                 {0.0f, 0.0f, 12387156.6f, 538829.042f, -3395568.41f, -359234.743f, -255929.35f},
                 {0.0f, 0.0f, 538829.042f, 24829.1961f, -141838.385f, -14654.6746f, -11131.6383f},
                 {0.0f, 0.0f, -3395568.41f, -141838.385f, 1096698.53f, 106246.045f, 70202.3219f},
                 {0.0f, 0.0f, -359234.743f, -14654.6746f, 106246.045f, 12020.7217f, 7425.66083f},
                 {0.0f, 0.0f, -255929.35f, -11131.6383f, 70202.3219f, 7425.66083f, 6031.52926f}},
        .quu_inv = {{0.439536847f, 0.0486720338f}, {0.0486720338f, 0.439536847f}},
        .am_bk_t = {{1.0f, -0.166131862f, 0.0f, 0.0f, 0.0f, 0.0f, 0.0f},
                    {0.01f, 0.901134544f, 0.0f, 0.0f, 0.0f, 0.0f, 0.0f},
                    {0.0f, 0.0f, 1.0f, -6.1737332f, 0.0f, -6.0326446f, 0.0f},
                    {0.0f, 0.0f, 0.01f, 0.596042334f, 0.0f, -0.12978792f, 0.0f},
                    {0.0f, 0.0f, 0.0f, 1.52239421f, 1.0f, 1.33784379f, 0.0f},
                    {0.0f, 0.0f, 0.0f, 0.149337693f, 0.01f, 1.02376621f, 0.0f},
                    {0.0f, 0.0f, 0.0f, 0.127507977f, 0.0f, 0.124556329f, 1.0f}},
        .apf = {0.0f, 0.0f, 0.0f, 0.0f, 0.0f, 0.0f, 0.0f},
        .bpf = {0.0f, 0.0f},
    },
    {
        .nominal_leg_length_m = 0.26f,
        .model_com_height_m = 0.3175f,
        .model_roll_inertia_kg_m2 = 1.09076625f,
        .riccati_iterations = 349,
        .adyn = {{1.0f, 0.01f, 0.0f, 0.0f, 0.0f, 0.0f, 0.0f},
                 {0.0f, 0.92f, 0.0f, 0.0f, 0.0f, 0.0f, 0.0f},
                 {0.0f, 0.0f, 1.0f, 0.01f, 0.0f, 0.0f, 0.0f},
                 {0.0f, 0.0f, 0.0f, 0.9f, 0.0f, 0.0f, 0.0f},
                 {0.0f, 0.0f, 0.0f, 0.0f, 1.0f, 0.01f, 0.0f},
                 {0.0f, 0.0f, -3.75091873f, 0.0f, 0.759561043f, 0.96f, 0.0774272215f},
                 {0.0f, 0.0f, 0.0f, 0.0f, 0.0f, 0.0f, 1.0f}},
        .bdyn = {{0.0f, 0.0f},
                 {0.00037593985f, 0.00037593985f},
                 {0.0f, 0.0f},
                 {-0.00434782609f, 0.00434782609f},
                 {0.0f, 0.0f},
                 {-0.00185649308f, 0.00185649308f},
                 {0.0f, 0.0f}},
        .fd = {0.0f, 0.0f, 0.0f, 0.0f, 0.0f, 0.0f, 0.0f},
        .work_q = {200001.0f, 51.0f, 301.0f, 31.0f, 5001.0f, 301.0f, 1.0f},
        .work_r = {1.01f, 1.01f},
        .kinf = {{220.955377f, 25.0910562f, -755.043751f, -36.2326175f, 184.039147f, 17.3786024f, 15.5936057f},
                 {220.955377f, 25.0910562f, 755.043751f, 36.2326175f, -184.039147f, -17.3786024f, -15.5936057f}},
        .pinf = {{11902147.1f, 1203872.67f, 0.0f, 0.0f, 0.0f, 0.0f, 0.0f},
                 {1203872.67f, 135510.421f, 0.0f, 0.0f, 0.0f, 0.0f, 0.0f},
                 {0.0f, 0.0f, 13496383.4f, 570892.428f, -3640036.47f, -370856.527f, -278830.491f},
                 {0.0f, 0.0f, 570892.428f, 25633.2842f, -147968.489f, -14709.1663f, -11793.332f},
                 {0.0f, 0.0f, -3640036.47f, -147968.489f, 1146634.79f, 107525.91f, 75248.0976f},
                 {0.0f, 0.0f, -370856.527f, -14709.1663f, 107525.91f, 11730.8128f, 7665.11678f},
                 {0.0f, 0.0f, -278830.491f, -11793.332f, 75248.0976f, 7665.11678f, 6504.34739f}},
        .quu_inv = {{0.437522659f, 0.0506862215f}, {0.0506862215f, 0.437522659f}},
        .am_bk_t = {{1.0f, -0.166131862f, 0.0f, 0.0f, 0.0f, 0.0f, 0.0f},
                    {0.01f, 0.901134544f, 0.0f, 0.0f, 0.0f, 0.0f, 0.0f},
                    {0.0f, 0.0f, 1.0f, -6.56559784f, 0.0f, -6.55438573f, 0.0f},
                    {0.0f, 0.0f, 0.01f, 0.584933761f, 0.0f, -0.134531208f, 0.0f},
                    {0.0f, 0.0f, 0.0f, 1.60034041f, 1.0f, 1.44289585f, 0.0f},
                    {0.0f, 0.0f, 0.0f, 0.151118282f, 0.01f, 1.02452651f, 0.0f},
                    {0.0f, 0.0f, 0.0f, 0.135596571f, 0.0f, 0.135326064f, 1.0f}},
        .apf = {0.0f, 0.0f, 0.0f, 0.0f, 0.0f, 0.0f, 0.0f},
        .bpf = {0.0f, 0.0f},
    },
    {
        .nominal_leg_length_m = 0.29f,
        .model_com_height_m = 0.3475f,
        .model_roll_inertia_kg_m2 = 1.09076625f,
        .riccati_iterations = 349,
        .adyn = {{1.0f, 0.01f, 0.0f, 0.0f, 0.0f, 0.0f, 0.0f},
                 {0.0f, 0.92f, 0.0f, 0.0f, 0.0f, 0.0f, 0.0f},
                 {0.0f, 0.0f, 1.0f, 0.01f, 0.0f, 0.0f, 0.0f},
                 {0.0f, 0.0f, 0.0f, 0.9f, 0.0f, 0.0f, 0.0f},
                 {0.0f, 0.0f, 0.0f, 0.0f, 1.0f, 0.01f, 0.0f},
                 {0.0f, 0.0f, -4.10533625f, 0.0f, 0.83133059f, 0.96f, 0.0847431794f},
                 {0.0f, 0.0f, 0.0f, 0.0f, 0.0f, 0.0f, 1.0f}},
        .bdyn = {{0.0f, 0.0f},
                 {0.00037593985f, 0.00037593985f},
                 {0.0f, 0.0f},
                 {-0.00434782609f, 0.00434782609f},
                 {0.0f, 0.0f},
                 {-0.00185649308f, 0.00185649308f},
                 {0.0f, 0.0f}},
        .fd = {0.0f, 0.0f, 0.0f, 0.0f, 0.0f, 0.0f, 0.0f},
        .work_q = {200001.0f, 51.0f, 301.0f, 31.0f, 5001.0f, 301.0f, 1.0f},
        .work_r = {1.01f, 1.01f},
        .kinf = {{220.955377f, 25.0910562f, -798.911641f, -37.4403378f, 192.770321f, 17.5729834f, 16.4990973f},
                 {220.955377f, 25.0910562f, 798.911641f, 37.4403378f, -192.770321f, -17.5729834f, -16.4990973f}},
        .pinf = {{11902147.1f, 1203872.67f, 0.0f, 0.0f, 0.0f, 0.0f, 0.0f},
                 {1203872.67f, 135510.421f, 0.0f, 0.0f, 0.0f, 0.0f, 0.0f},
                 {0.0f, 0.0f, 14612400.4f, 602373.653f, -3885391.89f, -382245.367f, -301871.803f},
                 {0.0f, 0.0f, 602373.653f, 26406.6615f, -154039.234f, -14774.5984f, -12443.0361f},
                 {0.0f, 0.0f, -3885391.89f, -154039.234f, 1197136.59f, 108906.927f, 80312.4071f},
                 {0.0f, 0.0f, -382245.367f, -14774.5984f, 108906.927f, 11485.0538f, 7899.83147f},
                 {0.0f, 0.0f, -301871.803f, -12443.0361f, 80312.4071f, 7899.83147f, 6980.05897f}},
        .quu_inv = {{0.435638302f, 0.0525705785f}, {0.0525705785f, 0.435638302f}},
        .am_bk_t = {{1.0f, -0.166131862f, 0.0f, 0.0f, 0.0f, 0.0f, 0.0f},
                    {0.01f, 0.901134544f, 0.0f, 0.0f, 0.0f, 0.0f, 0.0f},
                    {0.0f, 0.0f, 1.0f, -6.94705775f, 0.0f, -7.07168412f, 0.0f},
                    {0.0f, 0.0f, 0.01f, 0.574431845f, 0.0f, -0.139015456f, 0.0f},
                    {0.0f, 0.0f, 0.0f, 1.67626366f, 1.0f, 1.54708412f, 0.0f},
                    {0.0f, 0.0f, 0.0f, 0.152808552f, 0.01f, 1.02524824f, 0.0f},
                    {0.0f, 0.0f, 0.0f, 0.143470411f, 0.0f, 0.146004099f, 1.0f}},
        .apf = {0.0f, 0.0f, 0.0f, 0.0f, 0.0f, 0.0f, 0.0f},
        .bpf = {0.0f, 0.0f},
    },
    {
        .nominal_leg_length_m = 0.32f,
        .model_com_height_m = 0.3775f,
        .model_roll_inertia_kg_m2 = 1.09076625f,
        .riccati_iterations = 349,
        .adyn = {{1.0f, 0.01f, 0.0f, 0.0f, 0.0f, 0.0f, 0.0f},
                 {0.0f, 0.92f, 0.0f, 0.0f, 0.0f, 0.0f, 0.0f},
                 {0.0f, 0.0f, 1.0f, 0.01f, 0.0f, 0.0f, 0.0f},
                 {0.0f, 0.0f, 0.0f, 0.9f, 0.0f, 0.0f, 0.0f},
                 {0.0f, 0.0f, 0.0f, 0.0f, 1.0f, 0.01f, 0.0f},
                 {0.0f, 0.0f, -4.45975376f, 0.0f, 0.903100137f, 0.96f, 0.0920591373f},
                 {0.0f, 0.0f, 0.0f, 0.0f, 0.0f, 0.0f, 1.0f}},
        .bdyn = {{0.0f, 0.0f},
                 {0.00037593985f, 0.00037593985f},
                 {0.0f, 0.0f},
                 {-0.00434782609f, 0.00434782609f},
                 {0.0f, 0.0f},
                 {-0.00185649308f, 0.00185649308f},
                 {0.0f, 0.0f}},
        .fd = {0.0f, 0.0f, 0.0f, 0.0f, 0.0f, 0.0f, 0.0f},
        .work_q = {200001.0f, 51.0f, 301.0f, 31.0f, 5001.0f, 301.0f, 1.0f},
        .work_r = {1.01f, 1.01f},
        .kinf = {{220.955377f, 25.0910562f, -841.721054f, -38.5874604f, 201.295524f, 17.758287f, 17.3827416f},
                 {220.955377f, 25.0910562f, 841.721054f, 38.5874604f, -201.295524f, -17.758287f, -17.3827416f}},
        .pinf = {{11902147.1f, 1203872.67f, 0.0f, 0.0f, 0.0f, 0.0f, 0.0f},
                 {1203872.67f, 135510.421f, 0.0f, 0.0f, 0.0f, 0.0f, 0.0f},
                 {0.0f, 0.0f, 15735365.6f, 633338.749f, -4131678.12f, -393414.716f, -325056.517f},
                 {0.0f, 0.0f, 633338.749f, 27152.5926f, -160051.309f, -14847.9249f, -13082.1074f},
                 {0.0f, 0.0f, -4131678.12f, -160051.309f, 1248114.1f, 110360.648f, 85396.0938f},
                 {0.0f, 0.0f, -393414.716f, -14847.9249f, 110360.648f, 11273.9696f, 8130.06762f},
                 {0.0f, 0.0f, -325056.517f, -13082.1074f, 85396.0938f, 8130.06762f, 7458.73014f}},
        .quu_inv = {{0.433866151f, 0.0543427298f}, {0.0543427298f, 0.433866151f}},
        .am_bk_t = {{1.0f, -0.166131862f, 0.0f, 0.0f, 0.0f, 0.0f, 0.0f},
                    {0.01f, 0.901134544f, 0.0f, 0.0f, 0.0f, 0.0f, 0.0f},
                    {0.0f, 0.0f, 1.0f, -7.31931351f, 0.0f, -7.5850524f, 0.0f},
                    {0.0f, 0.0f, 0.01f, 0.564456866f, 0.0f, -0.143274707f, 0.0f},
                    {0.0f, 0.0f, 0.0f, 1.75039586f, 1.0f, 1.65050763f, 0.0f},
                    {0.0f, 0.0f, 0.0f, 0.154419887f, 0.01f, 1.02593627f, 0.0f},
                    {0.0f, 0.0f, 0.0f, 0.151154275f, 0.0f, 0.156601017f, 1.0f}},
        .apf = {0.0f, 0.0f, 0.0f, 0.0f, 0.0f, 0.0f, 0.0f},
        .bpf = {0.0f, 0.0f},
    },
    {
        .nominal_leg_length_m = 0.35f,
        .model_com_height_m = 0.4075f,
        .model_roll_inertia_kg_m2 = 1.09076625f,
        .riccati_iterations = 349,
        .adyn = {{1.0f, 0.01f, 0.0f, 0.0f, 0.0f, 0.0f, 0.0f},
                 {0.0f, 0.92f, 0.0f, 0.0f, 0.0f, 0.0f, 0.0f},
                 {0.0f, 0.0f, 1.0f, 0.01f, 0.0f, 0.0f, 0.0f},
                 {0.0f, 0.0f, 0.0f, 0.9f, 0.0f, 0.0f, 0.0f},
                 {0.0f, 0.0f, 0.0f, 0.0f, 1.0f, 0.01f, 0.0f},
                 {0.0f, 0.0f, -4.81417128f, 0.0f, 0.974869684f, 0.96f, 0.0993750953f},
                 {0.0f, 0.0f, 0.0f, 0.0f, 0.0f, 0.0f, 1.0f}},
        .bdyn = {{0.0f, 0.0f},
                 {0.00037593985f, 0.00037593985f},
                 {0.0f, 0.0f},
                 {-0.00434782609f, 0.00434782609f},
                 {0.0f, 0.0f},
                 {-0.00185649308f, 0.00185649308f},
                 {0.0f, 0.0f}},
        .fd = {0.0f, 0.0f, 0.0f, 0.0f, 0.0f, 0.0f, 0.0f},
        .work_q = {200001.0f, 51.0f, 301.0f, 31.0f, 5001.0f, 301.0f, 1.0f},
        .work_r = {1.01f, 1.01f},
        .kinf = {{220.955377f, 25.0910562f, -883.58446f, -39.6813416f, 209.636499f, 17.9355717f, 18.2468602f},
                 {220.955377f, 25.0910562f, 883.58446f, 39.6813416f, -209.636499f, -17.9355717f, -18.2468602f}},
        .pinf = {{11902147.1f, 1203872.67f, 0.0f, 0.0f, 0.0f, 0.0f, 0.0f},
                 {1203872.67f, 135510.421f, 0.0f, 0.0f, 0.0f, 0.0f, 0.0f},
                 {0.0f, 0.0f, 16865378.7f, 663842.572f, -4378934.58f, -404378.621f, -348386.677f},
                 {0.0f, 0.0f, 663842.572f, 27873.8378f, -166006.618f, -14927.0144f, -13711.6738f},
                 {0.0f, 0.0f, -4378934.58f, -166006.618f, 1299505.41f, 111867.194f, 90499.9336f},
                 {0.0f, 0.0f, -404378.621f, -14927.0144f, 111867.194f, 11090.6793f, 8356.10444f},
                 {0.0f, 0.0f, -348386.677f, -13711.6738f, 90499.9336f, 8356.10444f, 7940.40279f}},
        .quu_inv = {{0.432192114f, 0.0560167668f}, {0.0560167668f, 0.432192114f}},
        .am_bk_t = {{1.0f, -0.166131862f, 0.0f, 0.0f, 0.0f, 0.0f, 0.0f},
                    {0.01f, 0.901134544f, 0.0f, 0.0f, 0.0f, 0.0f, 0.0f},
                    {0.0f, 0.0f, 1.0f, -7.68334313f, 0.0f, -8.09490816f, 0.0f},
                    {0.0f, 0.0f, 0.01f, 0.554944856f, 0.0f, -0.147336273f, 0.0f},
                    {0.0f, 0.0f, 0.0f, 1.82292608f, 1.0f, 1.75324711f, 0.0f},
                    {0.0f, 0.0f, 0.0f, 0.155961493f, 0.01f, 1.02659453f, 0.0f},
                    {0.0f, 0.0f, 0.0f, 0.158668349f, 0.0f, 0.167125435f, 1.0f}},
        .apf = {0.0f, 0.0f, 0.0f, 0.0f, 0.0f, 0.0f, 0.0f},
        .bpf = {0.0f, 0.0f},
    }};

}  // namespace chassis::roll_leg_mpc_static_data
